# Lorentzian folded, width=30 cm^-1
# [cm^-1] [(D/Å)^2 amu^-1]
200.000      8.38984e-05      9.98501e-01 
203.000      8.48792e-05      9.98484e-01 
206.000      8.58872e-05      9.98466e-01 
209.000      8.69228e-05      9.98447e-01 
212.000      8.79864e-05      9.98428e-01 
215.000      8.90786e-05      9.98409e-01 
218.000      9.02000e-05      9.98389e-01 
221.000      9.13511e-05      9.98368e-01 
224.000      9.25326e-05      9.98347e-01 
227.000      9.37452e-05      9.98325e-01 
230.000      9.49895e-05      9.98303e-01 
233.000      9.62665e-05      9.98280e-01 
236.000      9.75768e-05      9.98257e-01 
239.000      9.89215e-05      9.98233e-01 
242.000      1.00301e-04      9.98208e-01 
245.000      1.01717e-04      9.98183e-01 
248.000      1.03170e-04      9.98157e-01 
251.000      1.04662e-04      9.98130e-01 
254.000      1.06193e-04      9.98103e-01 
257.000      1.07764e-04      9.98075e-01 
260.000      1.09378e-04      9.98046e-01 
263.000      1.11034e-04      9.98016e-01 
266.000      1.12735e-04      9.97986e-01 
269.000      1.14482e-04      9.97955e-01 
272.000      1.16277e-04      9.97923e-01 
275.000      1.18120e-04      9.97890e-01 
278.000      1.20015e-04      9.97856e-01 
281.000      1.21962e-04      9.97821e-01 
284.000      1.23964e-04      9.97785e-01 
287.000      1.26022e-04      9.97749e-01 
290.000      1.28139e-04      9.97711e-01 
293.000      1.30317e-04      9.97672e-01 
296.000      1.32557e-04      9.97632e-01 
299.000      1.34863e-04      9.97591e-01 
302.000      1.37237e-04      9.97548e-01 
305.000      1.39682e-04      9.97505e-01 
308.000      1.42200e-04      9.97460e-01 
311.000      1.44795e-04      9.97413e-01 
314.000      1.47469e-04      9.97365e-01 
317.000      1.50227e-04      9.97316e-01 
320.000      1.53070e-04      9.97265e-01 
323.000      1.56005e-04      9.97213e-01 
326.000      1.59033e-04      9.97159e-01 
329.000      1.62160e-04      9.97103e-01 
332.000      1.65389e-04      9.97045e-01 
335.000      1.68727e-04      9.96986e-01 
338.000      1.72176e-04      9.96924e-01 
341.000      1.75744e-04      9.96860e-01 
344.000      1.79435e-04      9.96794e-01 
347.000      1.83255e-04      9.96726e-01 
350.000      1.87211e-04      9.96655e-01 
353.000      1.91310e-04      9.96582e-01 
356.000      1.95559e-04      9.96506e-01 
359.000      1.99966e-04      9.96428e-01 
362.000      2.04538e-04      9.96346e-01 
365.000      2.09285e-04      9.96261e-01 
368.000      2.14217e-04      9.96173e-01 
371.000      2.19344e-04      9.96081e-01 
374.000      2.24675e-04      9.95986e-01 
377.000      2.30225e-04      9.95887e-01 
380.000      2.36004e-04      9.95784e-01 
383.000      2.42027e-04      9.95676e-01 
386.000      2.48308e-04      9.95564e-01 
389.000      2.54864e-04      9.95447e-01 
392.000      2.61712e-04      9.95324e-01 
395.000      2.68869e-04      9.95197e-01 
398.000      2.76358e-04      9.95063e-01 
401.000      2.84199e-04      9.94923e-01 
404.000      2.92416e-04      9.94776e-01 
407.000      3.01037e-04      9.94622e-01 
410.000      3.10089e-04      9.94460e-01 
413.000      3.19604e-04      9.94290e-01 
416.000      3.29615e-04      9.94111e-01 
419.000      3.40162e-04      9.93923e-01 
422.000      3.51285e-04      9.93724e-01 
425.000      3.63030e-04      9.93514e-01 
428.000      3.75447e-04      9.93293e-01 
431.000      3.88593e-04      9.93058e-01 
434.000      4.02530e-04      9.92809e-01 
437.000      4.17328e-04      9.92544e-01 
440.000      4.33063e-04      9.92263e-01 
443.000      4.49822e-04      9.91964e-01 
446.000      4.67703e-04      9.91644e-01 
449.000      4.86815e-04      9.91303e-01 
452.000      5.07281e-04      9.90937e-01 
455.000      5.29242e-04      9.90545e-01 
458.000      5.52856e-04      9.90123e-01 
461.000      5.78305e-04      9.89668e-01 
464.000      6.05797e-04      9.89177e-01 
467.000      6.35569e-04      9.88645e-01 
470.000      6.67898e-04      9.88068e-01 
473.000      7.03102e-04      9.87439e-01 
476.000      7.41553e-04      9.86752e-01 
479.000      7.83685e-04      9.85999e-01 
482.000      8.30009e-04      9.85172e-01 
485.000      8.81128e-04      9.84259e-01 
488.000      9.37760e-04      9.83247e-01 
491.000      1.00076e-03      9.82121e-01 
494.000      1.07116e-03      9.80863e-01 
497.000      1.15022e-03      9.79451e-01 
500.000      1.23944e-03      9.77857e-01 
503.000      1.34071e-03      9.76048e-01 
506.000      1.45634e-03      9.73982e-01 
509.000      1.58922e-03      9.71608e-01 
512.000      1.74299e-03      9.68861e-01 
515.000      1.92227e-03      9.65658e-01 
518.000      2.13298e-03      9.61894e-01 
521.000      2.38278e-03      9.57431e-01 
524.000      2.68166e-03      9.52092e-01 
527.000      3.04276e-03      9.45641e-01 
530.000      3.48344e-03      9.37768e-01 
533.000      4.02675e-03      9.28061e-01 
536.000      4.70311e-03      9.15978e-01 
539.000      5.55207e-03      9.00811e-01 
542.000      6.62296e-03      8.81680e-01 
545.000      7.97167e-03      8.57585e-01 
548.000      9.64694e-03      8.27656e-01 
551.000      1.16536e-02      7.91807e-01 
554.000      1.38788e-02      7.52054e-01 
557.000      1.59966e-02      7.14219e-01 
560.000      1.74570e-02      6.88127e-01 
563.000      1.77296e-02      6.83258e-01 
566.000      1.67087e-02      7.01497e-01 
569.000      1.48094e-02      7.35427e-01 
572.000      1.26191e-02      7.74559e-01 
575.000      1.05562e-02      8.11412e-01 
578.000      8.80267e-03      8.42739e-01 
581.000      7.38690e-03      8.68032e-01 
584.000      6.27068e-03      8.87973e-01 
587.000      5.39857e-03      9.03554e-01 
590.000      4.71838e-03      9.15705e-01 
593.000      4.18724e-03      9.25194e-01 
596.000      3.77188e-03      9.32615e-01 
599.000      3.44715e-03      9.38416e-01 
602.000      3.19423e-03      9.42935e-01 
605.000      2.99909e-03      9.46421e-01 
608.000      2.85126e-03      9.49062e-01 
611.000      2.74298e-03      9.50996e-01 
614.000      2.66852e-03      9.52326e-01 
617.000      2.62373e-03      9.53127e-01 
620.000      2.60567e-03      9.53449e-01 
623.000      2.61244e-03      9.53328e-01 
626.000      2.64297e-03      9.52783e-01 
629.000      2.69696e-03      9.51818e-01 
632.000      2.77480e-03      9.50428e-01 
635.000      2.87761e-03      9.48591e-01 
638.000      3.00714e-03      9.46277e-01 
641.000      3.16580e-03      9.43442e-01 
644.000      3.35645e-03      9.40036e-01 
647.000      3.58209e-03      9.36005e-01 
650.000      3.84554e-03      9.31299e-01 
653.000      4.14996e-03      9.25860e-01 
656.000      4.50093e-03      9.19590e-01 
659.000      4.90906e-03      9.12299e-01 
662.000      5.39046e-03      9.03699e-01 
665.000      5.96541e-03      8.93427e-01 
668.000      6.65808e-03      8.81052e-01 
671.000      7.49816e-03      8.66044e-01 
674.000      8.52371e-03      8.47722e-01 
677.000      9.78482e-03      8.25193e-01 
680.000      1.13480e-02      7.97267e-01 
683.000      1.33014e-02      7.62368e-01 
686.000      1.57610e-02      7.18427e-01 
689.000      1.88744e-02      6.62806e-01 
692.000      2.28169e-02      5.92372e-01 
695.000      2.77639e-02      5.03993e-01 
698.000      3.38058e-02      3.96054e-01 
701.000      4.07582e-02      2.71848e-01 
704.000      4.78591e-02      1.44989e-01 
707.000      5.35634e-02      4.30815e-02 
710.000      5.59749e-02      0.00000e+00 
713.000      5.40995e-02      3.35043e-02 
716.000      4.87150e-02      1.29699e-01 
719.000      4.16796e-02      2.55387e-01 
722.000      3.46312e-02      3.81309e-01 
725.000      2.84317e-02      4.92064e-01 
728.000      2.33235e-02      5.83323e-01 
731.000      1.92388e-02      6.56295e-01 
734.000      1.60069e-02      7.14033e-01 
737.000      1.34498e-02      7.59717e-01 
740.000      1.14152e-02      7.96065e-01 
743.000      9.78295e-03      8.25226e-01 
746.000      8.46100e-03      8.48843e-01 
749.000      7.37983e-03      8.68158e-01 
752.000      6.48704e-03      8.84108e-01 
755.000      5.74298e-03      8.97401e-01 
758.000      5.11743e-03      9.08576e-01 
761.000      4.58723e-03      9.18048e-01 
764.000      4.13441e-03      9.26138e-01 
767.000      3.74493e-03      9.33096e-01 
770.000      3.40774e-03      9.39120e-01 
773.000      3.11403e-03      9.44367e-01 
776.000      2.85676e-03      9.48964e-01 
779.000      2.63021e-03      9.53011e-01 
782.000      2.42973e-03      9.56592e-01 
785.000      2.25153e-03      9.59776e-01 
788.000      2.09246e-03      9.62618e-01 
791.000      1.94989e-03      9.65165e-01 
794.000      1.82164e-03      9.67456e-01 
797.000      1.70587e-03      9.69524e-01 
800.000      1.60103e-03      9.71397e-01 
803.000      1.50579e-03      9.73099e-01 
806.000      1.41904e-03      9.74649e-01 
809.000      1.33979e-03      9.76064e-01 
812.000      1.26722e-03      9.77361e-01 
815.000      1.20061e-03      9.78551e-01 
818.000      1.13932e-03      9.79646e-01 
821.000      1.08282e-03      9.80655e-01 
824.000      1.03062e-03      9.81588e-01 
827.000      9.82315e-04      9.82451e-01 
830.000      9.37526e-04      9.83251e-01 
833.000      8.95931e-04      9.83994e-01 
836.000      8.57242e-04      9.84685e-01 
839.000      8.21204e-04      9.85329e-01 
842.000      7.87589e-04      9.85930e-01 
845.000      7.56196e-04      9.86490e-01 
848.000      7.26842e-04      9.87015e-01 
851.000      6.99367e-04      9.87506e-01 
854.000      6.73624e-04      9.87966e-01 
857.000      6.49485e-04      9.88397e-01 
860.000      6.26831e-04      9.88802e-01 
863.000      6.05558e-04      9.89182e-01 
866.000      5.85571e-04      9.89539e-01 
869.000      5.66784e-04      9.89874e-01 
872.000      5.49121e-04      9.90190e-01 
875.000      5.32513e-04      9.90487e-01 
878.000      5.16899e-04      9.90766e-01 
881.000      5.02223e-04      9.91028e-01 
884.000      4.88436e-04      9.91274e-01 
887.000      4.75496e-04      9.91505e-01 
890.000      4.63363e-04      9.91722e-01 
893.000      4.52007e-04      9.91925e-01 
896.000      4.41401e-04      9.92114e-01 
899.000      4.31521e-04      9.92291e-01 
902.000      4.22352e-04      9.92455e-01 
905.000      4.13883e-04      9.92606e-01 
908.000      4.06110e-04      9.92745e-01 
911.000      3.99035e-04      9.92871e-01 
914.000      3.92669e-04      9.92985e-01 
917.000      3.87030e-04      9.93086e-01 
920.000      3.82151e-04      9.93173e-01 
923.000      3.78074e-04      9.93246e-01 
926.000      3.74864e-04      9.93303e-01 
929.000      3.72604e-04      9.93343e-01 
932.000      3.71406e-04      9.93365e-01 
935.000      3.71419e-04      9.93365e-01 
938.000      3.72831e-04      9.93339e-01 
941.000      3.75874e-04      9.93285e-01 
944.000      3.80802e-04      9.93197e-01 
947.000      3.87827e-04      9.93071e-01 
950.000      3.96958e-04      9.92908e-01 
953.000      4.07718e-04      9.92716e-01 
956.000      4.18890e-04      9.92516e-01 
959.000      4.28780e-04      9.92340e-01 
962.000      4.36359e-04      9.92204e-01 
965.000      4.42376e-04      9.92097e-01 
968.000      4.49005e-04      9.91978e-01 
971.000      4.58547e-04      9.91808e-01 
974.000      4.72712e-04      9.91555e-01 
977.000      4.92728e-04      9.91197e-01 
980.000      5.19716e-04      9.90715e-01 
983.000      5.55020e-04      9.90084e-01 
986.000      6.00437e-04      9.89273e-01 
989.000      6.58438e-04      9.88237e-01 
992.000      7.32380e-04      9.86916e-01 
995.000      8.26762e-04      9.85230e-01 
998.000      9.47444e-04      9.83074e-01 
1001.000      1.10165e-03      9.80319e-01 
1004.000      1.29726e-03      9.76824e-01 
1007.000      1.54025e-03      9.72483e-01 
1010.000      1.82834e-03      9.67336e-01 
1013.000      2.13924e-03      9.61782e-01 
1016.000      2.41803e-03      9.56802e-01 
1019.000      2.58263e-03      9.53861e-01 
1022.000      2.56787e-03      9.54125e-01 
1025.000      2.37875e-03      9.57503e-01 
1028.000      2.08589e-03      9.62735e-01 
1031.000      1.76956e-03      9.68387e-01 
1034.000      1.48030e-03      9.73554e-01 
1037.000      1.23710e-03      9.77899e-01 
1040.000      1.04067e-03      9.81408e-01 
1043.000      8.84504e-04      9.84198e-01 
1046.000      7.60676e-04      9.86410e-01 
1049.000      6.62043e-04      9.88172e-01 
1052.000      5.82838e-04      9.89588e-01 
1055.000      5.18608e-04      9.90735e-01 
1058.000      4.65978e-04      9.91675e-01 
1061.000      4.22405e-04      9.92454e-01 
1064.000      3.85965e-04      9.93105e-01 
1067.000      3.55200e-04      9.93654e-01 
1070.000      3.28991e-04      9.94123e-01 
1073.000      3.06475e-04      9.94525e-01 
1076.000      2.86979e-04      9.94873e-01 
1079.000      2.69975e-04      9.95177e-01 
1082.000      2.55044e-04      9.95444e-01 
1085.000      2.41849e-04      9.95679e-01 
1088.000      2.30121e-04      9.95889e-01 
1091.000      2.19639e-04      9.96076e-01 
1094.000      2.10224e-04      9.96244e-01 
1097.000      2.01726e-04      9.96396e-01 
1100.000      1.94024e-04      9.96534e-01 
1103.000      1.87014e-04      9.96659e-01 
1106.000      1.80609e-04      9.96773e-01 
1109.000      1.74736e-04      9.96878e-01 
1112.000      1.69334e-04      9.96975e-01 
1115.000      1.64350e-04      9.97064e-01 
1118.000      1.59738e-04      9.97146e-01 
1121.000      1.55458e-04      9.97223e-01 
1124.000      1.51478e-04      9.97294e-01 
1127.000      1.47767e-04      9.97360e-01 
1130.000      1.44300e-04      9.97422e-01 
1133.000      1.41055e-04      9.97480e-01 
1136.000      1.38011e-04      9.97534e-01 
1139.000      1.35152e-04      9.97585e-01 
1142.000      1.32463e-04      9.97634e-01 
1145.000      1.29928e-04      9.97679e-01 
1148.000      1.27537e-04      9.97722e-01 
1151.000      1.25278e-04      9.97762e-01 
1154.000      1.23143e-04      9.97800e-01 
1157.000      1.21121e-04      9.97836e-01 
1160.000      1.19206e-04      9.97870e-01 
1163.000      1.17391e-04      9.97903e-01 
1166.000      1.15669e-04      9.97934e-01 
1169.000      1.14034e-04      9.97963e-01 
1172.000      1.12482e-04      9.97990e-01 
1175.000      1.11007e-04      9.98017e-01 
1178.000      1.09606e-04      9.98042e-01 
1181.000      1.08275e-04      9.98066e-01 
1184.000      1.07010e-04      9.98088e-01 
1187.000      1.05808e-04      9.98110e-01 
1190.000      1.04666e-04      9.98130e-01 
1193.000      1.03582e-04      9.98149e-01 
1196.000      1.02553e-04      9.98168e-01 
1199.000      1.01578e-04      9.98185e-01 
1202.000      1.00653e-04      9.98202e-01 
1205.000      9.97776e-05      9.98217e-01 
1208.000      9.89500e-05      9.98232e-01 
1211.000      9.81687e-05      9.98246e-01 
1214.000      9.74323e-05      9.98259e-01 
1217.000      9.67397e-05      9.98272e-01 
1220.000      9.60899e-05      9.98283e-01 
1223.000      9.54819e-05      9.98294e-01 
1226.000      9.49149e-05      9.98304e-01 
1229.000      9.43881e-05      9.98314e-01 
1232.000      9.39011e-05      9.98322e-01 
1235.000      9.34533e-05      9.98330e-01 
1238.000      9.30442e-05      9.98338e-01 
1241.000      9.26736e-05      9.98344e-01 
1244.000      9.23412e-05      9.98350e-01 
1247.000      9.20469e-05      9.98356e-01 
1250.000      9.17907e-05      9.98360e-01 
1253.000      9.15726e-05      9.98364e-01 
1256.000      9.13926e-05      9.98367e-01 
1259.000      9.12511e-05      9.98370e-01 
1262.000      9.11483e-05      9.98372e-01 
1265.000      9.10846e-05      9.98373e-01 
1268.000      9.10606e-05      9.98373e-01 
1271.000      9.10767e-05      9.98373e-01 
1274.000      9.11336e-05      9.98372e-01 
1277.000      9.12322e-05      9.98370e-01 
1280.000      9.13734e-05      9.98368e-01 
1283.000      9.15580e-05      9.98364e-01 
1286.000      9.17873e-05      9.98360e-01 
1289.000      9.20625e-05      9.98355e-01 
1292.000      9.23850e-05      9.98350e-01 
1295.000      9.27562e-05      9.98343e-01 
1298.000      9.31779e-05      9.98335e-01 
1301.000      9.36519e-05      9.98327e-01 
1304.000      9.41801e-05      9.98317e-01 
1307.000      9.47648e-05      9.98307e-01 
1310.000      9.54083e-05      9.98296e-01 
1313.000      9.61133e-05      9.98283e-01 
1316.000      9.68825e-05      9.98269e-01 
1319.000      9.77191e-05      9.98254e-01 
1322.000      9.86265e-05      9.98238e-01 
1325.000      9.96082e-05      9.98220e-01 
1328.000      1.00668e-04      9.98202e-01 
1331.000      1.01811e-04      9.98181e-01 
1334.000      1.03042e-04      9.98159e-01 
1337.000      1.04366e-04      9.98135e-01 
1340.000      1.05788e-04      9.98110e-01 
1343.000      1.07314e-04      9.98083e-01 
1346.000      1.08953e-04      9.98054e-01 
1349.000      1.10710e-04      9.98022e-01 
1352.000      1.12595e-04      9.97988e-01 
1355.000      1.14617e-04      9.97952e-01 
1358.000      1.16785e-04      9.97914e-01 
1361.000      1.19111e-04      9.97872e-01 
1364.000      1.21606e-04      9.97827e-01 
1367.000      1.24285e-04      9.97780e-01 
1370.000      1.27162e-04      9.97728e-01 
1373.000      1.30254e-04      9.97673e-01 
1376.000      1.33580e-04      9.97614e-01 
1379.000      1.37161e-04      9.97550e-01 
1382.000      1.41018e-04      9.97481e-01 
1385.000      1.45180e-04      9.97406e-01 
1388.000      1.49675e-04      9.97326e-01 
1391.000      1.54535e-04      9.97239e-01 
1394.000      1.59799e-04      9.97145e-01 
1397.000      1.65508e-04      9.97043e-01 
1400.000      1.71711e-04      9.96932e-01 
1403.000      1.78464e-04      9.96812e-01 
1406.000      1.85827e-04      9.96680e-01 
1409.000      1.93875e-04      9.96536e-01 
1412.000      2.02690e-04      9.96379e-01 
1415.000      2.12370e-04      9.96206e-01 
1418.000      2.23026e-04      9.96016e-01 
1421.000      2.34789e-04      9.95805e-01 
1424.000      2.47815e-04      9.95573e-01 
1427.000      2.62284e-04      9.95314e-01 
1430.000      2.78412e-04      9.95026e-01 
1433.000      2.96457e-04      9.94704e-01 
1436.000      3.16725e-04      9.94342e-01 
1439.000      3.39590e-04      9.93933e-01 
1442.000      3.65501e-04      9.93470e-01 
1445.000      3.95013e-04      9.92943e-01 
1448.000      4.28805e-04      9.92339e-01 
1451.000      4.67722e-04      9.91644e-01 
1454.000      5.12822e-04      9.90838e-01 
1457.000      5.65440e-04      9.89898e-01 
1460.000      6.27277e-04      9.88794e-01 
1463.000      7.00516e-04      9.87485e-01 
1466.000      7.87990e-04      9.85922e-01 
1469.000      8.93404e-04      9.84039e-01 
1472.000      1.02163e-03      9.81748e-01 
1475.000      1.17914e-03      9.78934e-01 
1478.000      1.37450e-03      9.75444e-01 
1481.000      1.61901e-03      9.71076e-01 
1484.000      1.92728e-03      9.65569e-01 
1487.000      2.31726e-03      9.58602e-01 
1490.000      2.80864e-03      9.49823e-01 
1493.000      3.41675e-03      9.38959e-01 
1496.000      4.13725e-03      9.26087e-01 
1499.000      4.91750e-03      9.12148e-01 
1502.000      5.62464e-03      8.99515e-01 
1505.000      6.05622e-03      8.91805e-01 
1508.000      6.04598e-03      8.91988e-01 
1511.000      5.59851e-03      8.99982e-01 
1514.000      4.88508e-03      9.12727e-01 
1517.000      4.10652e-03      9.26636e-01 
1520.000      3.39168e-03      9.39407e-01 
1523.000      2.79022e-03      9.50152e-01 
1526.000      2.30506e-03      9.58820e-01 
1529.000      1.92045e-03      9.65691e-01 
1532.000      1.61670e-03      9.71117e-01 
1535.000      1.37598e-03      9.75418e-01 
1538.000      1.18386e-03      9.78850e-01 
1541.000      1.02916e-03      9.81614e-01 
1544.000      9.03435e-04      9.83860e-01 
1547.000      8.00310e-04      9.85702e-01 
1550.000      7.14969e-04      9.87227e-01 
1553.000      6.43758e-04      9.88499e-01 
1556.000      5.83883e-04      9.89569e-01 
1559.000      5.33187e-04      9.90475e-01 
1562.000      4.89995e-04      9.91246e-01 
1565.000      4.52990e-04      9.91907e-01 
1568.000      4.21129e-04      9.92476e-01 
1571.000      3.93583e-04      9.92969e-01 
1574.000      3.69682e-04      9.93396e-01 
1577.000      3.48885e-04      9.93767e-01 
1580.000      3.30752e-04      9.94091e-01 
1583.000      3.14921e-04      9.94374e-01 
1586.000      3.01095e-04      9.94621e-01 
1589.000      2.89026e-04      9.94837e-01 
1592.000      2.78509e-04      9.95024e-01 
1595.000      2.69376e-04      9.95188e-01 
1598.000      2.61483e-04      9.95329e-01 
1601.000      2.54712e-04      9.95450e-01 
1604.000      2.48965e-04      9.95552e-01 
1607.000      2.44160e-04      9.95638e-01 
1610.000      2.40230e-04      9.95708e-01 
1613.000      2.37121e-04      9.95764e-01 
1616.000      2.34790e-04      9.95805e-01 
1619.000      2.33205e-04      9.95834e-01 
1622.000      2.32342e-04      9.95849e-01 
1625.000      2.32186e-04      9.95852e-01 
1628.000      2.32732e-04      9.95842e-01 
1631.000      2.33981e-04      9.95820e-01 
1634.000      2.35942e-04      9.95785e-01 
1637.000      2.38636e-04      9.95737e-01 
1640.000      2.42089e-04      9.95675e-01 
1643.000      2.46340e-04      9.95599e-01 
1646.000      2.51435e-04      9.95508e-01 
1649.000      2.57435e-04      9.95401e-01 
1652.000      2.64414e-04      9.95276e-01 
1655.000      2.72461e-04      9.95132e-01 
1658.000      2.81685e-04      9.94968e-01 
1661.000      2.92217e-04      9.94780e-01 
1664.000      3.04212e-04      9.94565e-01 
1667.000      3.17861e-04      9.94321e-01 
1670.000      3.33392e-04      9.94044e-01 
1673.000      3.51081e-04      9.93728e-01 
1676.000      3.71267e-04      9.93367e-01 
1679.000      3.94361e-04      9.92955e-01 
1682.000      4.20874e-04      9.92481e-01 
1685.000      4.51437e-04      9.91935e-01 
1688.000      4.86840e-04      9.91303e-01 
1691.000      5.28079e-04      9.90566e-01 
1694.000      5.76422e-04      9.89702e-01 
1697.000      6.33494e-04      9.88683e-01 
1700.000      7.01399e-04      9.87469e-01 
1703.000      7.82883e-04      9.86014e-01 
1706.000      8.81560e-04      9.84251e-01 
1709.000      1.00221e-03      9.82095e-01 
1712.000      1.15116e-03      9.79434e-01 
1715.000      1.33675e-03      9.76119e-01 
1718.000      1.56975e-03      9.71956e-01 
1721.000      1.86337e-03      9.66711e-01 
1724.000      2.23208e-03      9.60124e-01 
1727.000      2.68709e-03      9.51995e-01 
1730.000      3.22507e-03      9.42384e-01 
1733.000      3.80713e-03      9.31985e-01 
1736.000      4.33563e-03      9.22543e-01 
1739.000      4.66258e-03      9.16702e-01 
1742.000      4.66776e-03      9.16610e-01 
1745.000      4.35655e-03      9.22170e-01 
1748.000      3.85528e-03      9.31125e-01 
1751.000      3.31069e-03      9.40854e-01 
1754.000      2.81661e-03      9.49681e-01 
1757.000      2.40931e-03      9.56957e-01 
1760.000      2.09136e-03      9.62638e-01 
1763.000      1.85200e-03      9.66914e-01 
1766.000      1.67792e-03      9.70024e-01 
1769.000      1.55745e-03      9.72176e-01 
1772.000      1.48175e-03      9.73528e-01 
1775.000      1.44481e-03      9.74188e-01 
1778.000      1.44324e-03      9.74216e-01 
1781.000      1.47595e-03      9.73632e-01 
1784.000      1.54410e-03      9.72414e-01 
1787.000      1.65116e-03      9.70502e-01 
1790.000      1.80324e-03      9.67785e-01 
1793.000      2.00957e-03      9.64099e-01 
1796.000      2.28313e-03      9.59211e-01 
1799.000      2.64132e-03      9.52812e-01 
1802.000      3.10581e-03      9.44514e-01 
1805.000      3.70031e-03      9.33893e-01 
1808.000      4.44237e-03      9.20636e-01 
1811.000      5.32350e-03      9.04895e-01 
1814.000      6.27270e-03      8.87937e-01 
1817.000      7.11816e-03      8.72833e-01 
1820.000      7.60694e-03      8.64101e-01 
1823.000      7.54322e-03      8.65239e-01 
1826.000      6.94927e-03      8.75850e-01 
1829.000      6.04512e-03      8.92003e-01 
1832.000      5.07540e-03      9.09327e-01 
1835.000      4.19198e-03      9.25110e-01 
1838.000      3.45088e-03      9.38350e-01 
1841.000      2.85317e-03      9.49028e-01 
1844.000      2.37859e-03      9.57506e-01 
1847.000      2.00275e-03      9.64221e-01 
1850.000      1.70382e-03      9.69561e-01 
1853.000      1.46420e-03      9.73842e-01 
1856.000      1.27031e-03      9.77306e-01 
1859.000      1.11186e-03      9.80136e-01 
1862.000      9.81090e-04      9.82473e-01 
1865.000      8.72125e-04      9.84419e-01 
1868.000      7.80508e-04      9.86056e-01 
1871.000      7.02823e-04      9.87444e-01 
1874.000      6.36429e-04      9.88630e-01 
1877.000      5.79267e-04      9.89651e-01 
1880.000      5.29717e-04      9.90537e-01 
1883.000      4.86494e-04      9.91309e-01 
1886.000      4.48569e-04      9.91986e-01 
1889.000      4.15110e-04      9.92584e-01 
1892.000      3.85442e-04      9.93114e-01 
1895.000      3.59011e-04      9.93586e-01 
1898.000      3.35360e-04      9.94009e-01 
1901.000      3.14111e-04      9.94388e-01 
1904.000      2.94945e-04      9.94731e-01 
1907.000      2.77597e-04      9.95041e-01 
1910.000      2.61841e-04      9.95322e-01 
1913.000      2.47485e-04      9.95579e-01 
1916.000      2.34366e-04      9.95813e-01 
1919.000      2.22344e-04      9.96028e-01 
1922.000      2.11298e-04      9.96225e-01 
1925.000      2.01123e-04      9.96407e-01 
1928.000      1.91729e-04      9.96575e-01 
1931.000      1.83035e-04      9.96730e-01 
1934.000      1.74973e-04      9.96874e-01 
1937.000      1.67481e-04      9.97008e-01 
1940.000      1.60506e-04      9.97133e-01 
1943.000      1.54001e-04      9.97249e-01 
1946.000      1.47922e-04      9.97357e-01 
1949.000      1.42233e-04      9.97459e-01 
1952.000      1.36900e-04      9.97554e-01 
1955.000      1.31894e-04      9.97644e-01 
1958.000      1.27187e-04      9.97728e-01 
1961.000      1.22755e-04      9.97807e-01 
1964.000      1.18577e-04      9.97882e-01 
1967.000      1.14633e-04      9.97952e-01 
1970.000      1.10906e-04      9.98019e-01 
1973.000      1.07380e-04      9.98082e-01 
1976.000      1.04039e-04      9.98141e-01 
1979.000      1.00871e-04      9.98198e-01 
1982.000      9.78636e-05      9.98252e-01 
1985.000      9.50059e-05      9.98303e-01 
1988.000      9.22876e-05      9.98351e-01 
1991.000      8.96997e-05      9.98398e-01 
1994.000      8.72336e-05      9.98442e-01 
1997.000      8.48816e-05      9.98484e-01 
2000.000      8.26366e-05      9.98524e-01 
2003.000      8.04918e-05      9.98562e-01 
2006.000      7.84414e-05      9.98599e-01 
2009.000      7.64796e-05      9.98634e-01 
2012.000      7.46013e-05      9.98667e-01 
2015.000      7.28017e-05      9.98699e-01 
2018.000      7.10764e-05      9.98730e-01 
2021.000      6.94212e-05      9.98760e-01 
2024.000      6.78323e-05      9.98788e-01 
2027.000      6.63063e-05      9.98815e-01 
2030.000      6.48398e-05      9.98842e-01 
2033.000      6.34298e-05      9.98867e-01 
2036.000      6.20736e-05      9.98891e-01 
2039.000      6.07686e-05      9.98914e-01 
2042.000      5.95124e-05      9.98937e-01 
2045.000      5.83030e-05      9.98958e-01 
2048.000      5.71383e-05      9.98979e-01 
2051.000      5.60169e-05      9.98999e-01 
2054.000      5.49371e-05      9.99019e-01 
2057.000      5.38980e-05      9.99037e-01 
2060.000      5.28988e-05      9.99055e-01 
2063.000      5.19392e-05      9.99072e-01 
2066.000      5.10193e-05      9.99089e-01 
2069.000      5.01400e-05      9.99104e-01 
2072.000      4.93027e-05      9.99119e-01 
2075.000      4.85092e-05      9.99133e-01 
2078.000      4.77612e-05      9.99147e-01 
2081.000      4.70576e-05      9.99159e-01 
2084.000      4.63909e-05      9.99171e-01 
2087.000      4.57415e-05      9.99183e-01 
2090.000      4.50770e-05      9.99195e-01 
2093.000      4.43664e-05      9.99207e-01 
2096.000      4.36030e-05      9.99221e-01 
2099.000      4.28099e-05      9.99235e-01 
2102.000      4.20196e-05      9.99249e-01 
2105.000      4.12549e-05      9.99263e-01 
2108.000      4.05255e-05      9.99276e-01 
2111.000      3.98322e-05      9.99288e-01 
2114.000      3.91721e-05      9.99300e-01 
2117.000      3.85416e-05      9.99311e-01 
2120.000      3.79369e-05      9.99322e-01 
2123.000      3.73551e-05      9.99333e-01 
2126.000      3.67938e-05      9.99343e-01 
2129.000      3.62511e-05      9.99352e-01 
2132.000      3.57252e-05      9.99362e-01 
2135.000      3.52150e-05      9.99371e-01 
2138.000      3.47194e-05      9.99380e-01 
2141.000      3.42375e-05      9.99388e-01 
2144.000      3.37684e-05      9.99397e-01 
2147.000      3.33116e-05      9.99405e-01 
2150.000      3.28665e-05      9.99413e-01 
2153.000      3.24324e-05      9.99421e-01 
2156.000      3.20090e-05      9.99428e-01 
2159.000      3.15958e-05      9.99436e-01 
2162.000      3.11924e-05      9.99443e-01 
2165.000      3.07984e-05      9.99450e-01 
2168.000      3.04134e-05      9.99457e-01 
2171.000      3.00372e-05      9.99463e-01 
2174.000      2.96694e-05      9.99470e-01 
2177.000      2.93098e-05      9.99476e-01 
2180.000      2.89581e-05      9.99483e-01 
2183.000      2.86139e-05      9.99489e-01 
2186.000      2.82772e-05      9.99495e-01 
2189.000      2.79475e-05      9.99501e-01 
2192.000      2.76248e-05      9.99506e-01 
2195.000      2.73088e-05      9.99512e-01 
2198.000      2.69993e-05      9.99518e-01 
2201.000      2.66960e-05      9.99523e-01 
2204.000      2.63989e-05      9.99528e-01 
2207.000      2.61077e-05      9.99534e-01 
2210.000      2.58223e-05      9.99539e-01 
2213.000      2.55425e-05      9.99544e-01 
2216.000      2.52681e-05      9.99549e-01 
2219.000      2.49990e-05      9.99553e-01 
2222.000      2.47350e-05      9.99558e-01 
2225.000      2.44760e-05      9.99563e-01 
2228.000      2.42219e-05      9.99567e-01 
2231.000      2.39724e-05      9.99572e-01 
2234.000      2.37276e-05      9.99576e-01 
2237.000      2.34873e-05      9.99580e-01 
2240.000      2.32513e-05      9.99585e-01 
2243.000      2.30196e-05      9.99589e-01 
2246.000      2.27920e-05      9.99593e-01 
2249.000      2.25684e-05      9.99597e-01 
2252.000      2.23487e-05      9.99601e-01 
2255.000      2.21329e-05      9.99605e-01 
2258.000      2.19208e-05      9.99608e-01 
2261.000      2.17123e-05      9.99612e-01 
2264.000      2.15074e-05      9.99616e-01 
2267.000      2.13060e-05      9.99619e-01 
2270.000      2.11079e-05      9.99623e-01 
2273.000      2.09131e-05      9.99626e-01 
2276.000      2.07215e-05      9.99630e-01 
2279.000      2.05330e-05      9.99633e-01 
2282.000      2.03476e-05      9.99636e-01 
2285.000      2.01652e-05      9.99640e-01 
2288.000      1.99858e-05      9.99643e-01 
2291.000      1.98091e-05      9.99646e-01 
2294.000      1.96353e-05      9.99649e-01 
2297.000      1.94642e-05      9.99652e-01 
2300.000      1.92957e-05      9.99655e-01 
2303.000      1.91299e-05      9.99658e-01 
2306.000      1.89666e-05      9.99661e-01 
2309.000      1.88058e-05      9.99664e-01 
2312.000      1.86474e-05      9.99667e-01 
2315.000      1.84914e-05      9.99670e-01 
2318.000      1.83377e-05      9.99672e-01 
2321.000      1.81863e-05      9.99675e-01 
2324.000      1.80371e-05      9.99678e-01 
2327.000      1.78901e-05      9.99680e-01 
2330.000      1.77453e-05      9.99683e-01 
2333.000      1.76025e-05      9.99686e-01 
2336.000      1.74618e-05      9.99688e-01 
2339.000      1.73230e-05      9.99691e-01 
2342.000      1.71863e-05      9.99693e-01 
2345.000      1.70514e-05      9.99695e-01 
2348.000      1.69185e-05      9.99698e-01 
2351.000      1.67874e-05      9.99700e-01 
2354.000      1.66580e-05      9.99702e-01 
2357.000      1.65305e-05      9.99705e-01 
2360.000      1.64047e-05      9.99707e-01 
2363.000      1.62806e-05      9.99709e-01 
2366.000      1.61582e-05      9.99711e-01 
2369.000      1.60374e-05      9.99713e-01 
2372.000      1.59182e-05      9.99716e-01 
2375.000      1.58006e-05      9.99718e-01 
2378.000      1.56845e-05      9.99720e-01 
2381.000      1.55699e-05      9.99722e-01 
2384.000      1.54568e-05      9.99724e-01 
2387.000      1.53452e-05      9.99726e-01 
2390.000      1.52350e-05      9.99728e-01 
2393.000      1.51262e-05      9.99730e-01 
2396.000      1.50188e-05      9.99732e-01 
2399.000      1.49127e-05      9.99734e-01 
2402.000      1.48080e-05      9.99735e-01 
2405.000      1.47045e-05      9.99737e-01 
2408.000      1.46024e-05      9.99739e-01 
2411.000      1.45014e-05      9.99741e-01 
2414.000      1.44018e-05      9.99743e-01 
2417.000      1.43033e-05      9.99744e-01 
2420.000      1.42060e-05      9.99746e-01 
2423.000      1.41099e-05      9.99748e-01 
2426.000      1.40150e-05      9.99750e-01 
2429.000      1.39211e-05      9.99751e-01 
2432.000      1.38284e-05      9.99753e-01 
2435.000      1.37368e-05      9.99755e-01 
2438.000      1.36462e-05      9.99756e-01 
2441.000      1.35567e-05      9.99758e-01 
2444.000      1.34682e-05      9.99759e-01 
2447.000      1.33807e-05      9.99761e-01 
2450.000      1.32943e-05      9.99762e-01 
2453.000      1.32088e-05      9.99764e-01 
2456.000      1.31243e-05      9.99766e-01 
2459.000      1.30407e-05      9.99767e-01 
2462.000      1.29581e-05      9.99769e-01 
2465.000      1.28764e-05      9.99770e-01 
2468.000      1.27956e-05      9.99771e-01 
2471.000      1.27156e-05      9.99773e-01 
2474.000      1.26366e-05      9.99774e-01 
2477.000      1.25584e-05      9.99776e-01 
2480.000      1.24811e-05      9.99777e-01 
2483.000      1.24046e-05      9.99778e-01 
2486.000      1.23289e-05      9.99780e-01 
2489.000      1.22541e-05      9.99781e-01 
2492.000      1.21800e-05      9.99782e-01 
2495.000      1.21067e-05      9.99784e-01 
2498.000      1.20342e-05      9.99785e-01 
2501.000      1.19624e-05      9.99786e-01 
2504.000      1.18914e-05      9.99788e-01 
2507.000      1.18212e-05      9.99789e-01 
2510.000      1.17516e-05      9.99790e-01 
2513.000      1.16828e-05      9.99791e-01 
2516.000      1.16147e-05      9.99793e-01 
2519.000      1.15472e-05      9.99794e-01 
2522.000      1.14805e-05      9.99795e-01 
2525.000      1.14144e-05      9.99796e-01 
2528.000      1.13490e-05      9.99797e-01 
2531.000      1.12842e-05      9.99798e-01 
2534.000      1.12201e-05      9.99800e-01 
2537.000      1.11566e-05      9.99801e-01 
2540.000      1.10937e-05      9.99802e-01 
2543.000      1.10315e-05      9.99803e-01 
2546.000      1.09699e-05      9.99804e-01 
2549.000      1.09088e-05      9.99805e-01 
2552.000      1.08484e-05      9.99806e-01 
2555.000      1.07885e-05      9.99807e-01 
2558.000      1.07292e-05      9.99808e-01 
2561.000      1.06705e-05      9.99809e-01 
2564.000      1.06123e-05      9.99810e-01 
2567.000      1.05547e-05      9.99811e-01 
2570.000      1.04976e-05      9.99812e-01 
2573.000      1.04410e-05      9.99813e-01 
2576.000      1.03850e-05      9.99814e-01 
2579.000      1.03295e-05      9.99815e-01 
2582.000      1.02745e-05      9.99816e-01 
2585.000      1.02201e-05      9.99817e-01 
2588.000      1.01661e-05      9.99818e-01 
2591.000      1.01126e-05      9.99819e-01 
2594.000      1.00596e-05      9.99820e-01 
2597.000      1.00070e-05      9.99821e-01 
2600.000      9.95500e-06      9.99822e-01 
2603.000      9.90341e-06      9.99823e-01 
2606.000      9.85229e-06      9.99824e-01 
2609.000      9.80162e-06      9.99825e-01 
2612.000      9.75140e-06      9.99826e-01 
2615.000      9.70162e-06      9.99827e-01 
2618.000      9.65228e-06      9.99828e-01 
2621.000      9.60337e-06      9.99828e-01 
2624.000      9.55489e-06      9.99829e-01 
2627.000      9.50683e-06      9.99830e-01 
2630.000      9.45918e-06      9.99831e-01 
2633.000      9.41195e-06      9.99832e-01 
2636.000      9.36512e-06      9.99833e-01 
2639.000      9.31868e-06      9.99834e-01 
2642.000      9.27265e-06      9.99834e-01 
2645.000      9.22700e-06      9.99835e-01 
2648.000      9.18174e-06      9.99836e-01 
2651.000      9.13686e-06      9.99837e-01 
2654.000      9.09235e-06      9.99838e-01 
2657.000      9.04822e-06      9.99838e-01 
2660.000      9.00445e-06      9.99839e-01 
2663.000      8.96104e-06      9.99840e-01 
2666.000      8.91799e-06      9.99841e-01 
2669.000      8.87530e-06      9.99841e-01 
2672.000      8.83295e-06      9.99842e-01 
2675.000      8.79095e-06      9.99843e-01 
2678.000      8.74929e-06      9.99844e-01 
2681.000      8.70796e-06      9.99844e-01 
2684.000      8.66697e-06      9.99845e-01 
2687.000      8.62631e-06      9.99846e-01 
2690.000      8.58597e-06      9.99847e-01 
2693.000      8.54596e-06      9.99847e-01 
2696.000      8.50626e-06      9.99848e-01 
2699.000      8.46688e-06      9.99849e-01 
2702.000      8.42780e-06      9.99849e-01 
2705.000      8.38903e-06      9.99850e-01 
2708.000      8.35057e-06      9.99851e-01 
2711.000      8.31241e-06      9.99851e-01 
2714.000      8.27454e-06      9.99852e-01 
2717.000      8.23696e-06      9.99853e-01 
2720.000      8.19968e-06      9.99854e-01 
2723.000      8.16268e-06      9.99854e-01 
2726.000      8.12596e-06      9.99855e-01 
2729.000      8.08952e-06      9.99855e-01 
2732.000      8.05336e-06      9.99856e-01 
2735.000      8.01748e-06      9.99857e-01 
2738.000      7.98186e-06      9.99857e-01 
2741.000      7.94651e-06      9.99858e-01 
2744.000      7.91143e-06      9.99859e-01 
2747.000      7.87661e-06      9.99859e-01 
2750.000      7.84205e-06      9.99860e-01 
2753.000      7.80774e-06      9.99861e-01 
2756.000      7.77369e-06      9.99861e-01 
2759.000      7.73989e-06      9.99862e-01 
2762.000      7.70634e-06      9.99862e-01 
2765.000      7.67303e-06      9.99863e-01 
2768.000      7.63996e-06      9.99864e-01 
2771.000      7.60714e-06      9.99864e-01 
2774.000      7.57455e-06      9.99865e-01 
2777.000      7.54220e-06      9.99865e-01 
2780.000      7.51008e-06      9.99866e-01 
2783.000      7.47819e-06      9.99866e-01 
2786.000      7.44653e-06      9.99867e-01 
2789.000      7.41509e-06      9.99868e-01 
2792.000      7.38388e-06      9.99868e-01 
2795.000      7.35289e-06      9.99869e-01 
2798.000      7.32212e-06      9.99869e-01 
2801.000      7.29156e-06      9.99870e-01 
2804.000      7.26122e-06      9.99870e-01 
2807.000      7.23109e-06      9.99871e-01 
2810.000      7.20117e-06      9.99871e-01 
2813.000      7.17145e-06      9.99872e-01 
2816.000      7.14194e-06      9.99872e-01 
2819.000      7.11264e-06      9.99873e-01 
2822.000      7.08354e-06      9.99873e-01 
2825.000      7.05463e-06      9.99874e-01 
2828.000      7.02593e-06      9.99874e-01 
2831.000      6.99742e-06      9.99875e-01 
2834.000      6.96910e-06      9.99875e-01 
2837.000      6.94097e-06      9.99876e-01 
2840.000      6.91304e-06      9.99876e-01 
2843.000      6.88529e-06      9.99877e-01 
2846.000      6.85773e-06      9.99877e-01 
2849.000      6.83035e-06      9.99878e-01 
2852.000      6.80315e-06      9.99878e-01 
2855.000      6.77614e-06      9.99879e-01 
2858.000      6.74930e-06      9.99879e-01 
2861.000      6.72265e-06      9.99880e-01 
2864.000      6.69616e-06      9.99880e-01 
2867.000      6.66985e-06      9.99881e-01 
2870.000      6.64372e-06      9.99881e-01 
2873.000      6.61775e-06      9.99882e-01 
2876.000      6.59195e-06      9.99882e-01 
2879.000      6.56632e-06      9.99883e-01 
2882.000      6.54086e-06      9.99883e-01 
2885.000      6.51556e-06      9.99884e-01 
2888.000      6.49042e-06      9.99884e-01 
2891.000      6.46544e-06      9.99884e-01 
2894.000      6.44063e-06      9.99885e-01 
2897.000      6.41597e-06      9.99885e-01 
2900.000      6.39147e-06      9.99886e-01 
2903.000      6.36712e-06      9.99886e-01 
2906.000      6.34293e-06      9.99887e-01 
2909.000      6.31889e-06      9.99887e-01 
2912.000      6.29500e-06      9.99888e-01 
2915.000      6.27126e-06      9.99888e-01 
2918.000      6.24767e-06      9.99888e-01 
2921.000      6.22423e-06      9.99889e-01 
2924.000      6.20093e-06      9.99889e-01 
2927.000      6.17777e-06      9.99890e-01 
2930.000      6.15476e-06      9.99890e-01 
2933.000      6.13189e-06      9.99890e-01 
2936.000      6.10916e-06      9.99891e-01 
2939.000      6.08657e-06      9.99891e-01 
2942.000      6.06412e-06      9.99892e-01 
2945.000      6.04181e-06      9.99892e-01 
2948.000      6.01963e-06      9.99892e-01 
2951.000      5.99758e-06      9.99893e-01 
2954.000      5.97567e-06      9.99893e-01 
2957.000      5.95389e-06      9.99894e-01 
2960.000      5.93224e-06      9.99894e-01 
2963.000      5.91073e-06      9.99894e-01 
2966.000      5.88934e-06      9.99895e-01 
2969.000      5.86807e-06      9.99895e-01 
2972.000      5.84694e-06      9.99896e-01 
2975.000      5.82593e-06      9.99896e-01 
2978.000      5.80504e-06      9.99896e-01 
2981.000      5.78428e-06      9.99897e-01 
2984.000      5.76364e-06      9.99897e-01 
2987.000      5.74312e-06      9.99897e-01 
2990.000      5.72272e-06      9.99898e-01 
2993.000      5.70244e-06      9.99898e-01 
2996.000      5.68227e-06      9.99898e-01 
2999.000      5.66223e-06      9.99899e-01 
3002.000      5.64230e-06      9.99899e-01 
3005.000      5.62249e-06      9.99900e-01 
3008.000      5.60279e-06      9.99900e-01 
3011.000      5.58320e-06      9.99900e-01 
3014.000      5.56373e-06      9.99901e-01 
3017.000      5.54436e-06      9.99901e-01 
3020.000      5.52511e-06      9.99901e-01 
3023.000      5.50597e-06      9.99902e-01 
3026.000      5.48693e-06      9.99902e-01 
3029.000      5.46801e-06      9.99902e-01 
3032.000      5.44919e-06      9.99903e-01 
3035.000      5.43047e-06      9.99903e-01 
3038.000      5.41187e-06      9.99903e-01 
3041.000      5.39336e-06      9.99904e-01 
3044.000      5.37496e-06      9.99904e-01 
3047.000      5.35666e-06      9.99904e-01 
3050.000      5.33847e-06      9.99905e-01 
3053.000      5.32037e-06      9.99905e-01 
3056.000      5.30238e-06      9.99905e-01 
3059.000      5.28448e-06      9.99906e-01 
3062.000      5.26668e-06      9.99906e-01 
3065.000      5.24899e-06      9.99906e-01 
3068.000      5.23138e-06      9.99907e-01 
3071.000      5.21388e-06      9.99907e-01 
3074.000      5.19647e-06      9.99907e-01 
3077.000      5.17915e-06      9.99907e-01 
3080.000      5.16193e-06      9.99908e-01 
3083.000      5.14480e-06      9.99908e-01 
3086.000      5.12777e-06      9.99908e-01 
3089.000      5.11083e-06      9.99909e-01 
3092.000      5.09397e-06      9.99909e-01 
3095.000      5.07721e-06      9.99909e-01 
3098.000      5.06054e-06      9.99910e-01 
3101.000      5.04396e-06      9.99910e-01 
3104.000      5.02746e-06      9.99910e-01 
3107.000      5.01106e-06      9.99910e-01 
3110.000      4.99474e-06      9.99911e-01 
3113.000      4.97850e-06      9.99911e-01 
3116.000      4.96235e-06      9.99911e-01 
3119.000      4.94629e-06      9.99912e-01 
3122.000      4.93031e-06      9.99912e-01 
3125.000      4.91442e-06      9.99912e-01 
3128.000      4.89861e-06      9.99912e-01 
3131.000      4.88288e-06      9.99913e-01 
3134.000      4.86723e-06      9.99913e-01 
3137.000      4.85167e-06      9.99913e-01 
3140.000      4.83618e-06      9.99914e-01 
3143.000      4.82078e-06      9.99914e-01 
3146.000      4.80545e-06      9.99914e-01 
3149.000      4.79021e-06      9.99914e-01 
3152.000      4.77504e-06      9.99915e-01 
3155.000      4.75995e-06      9.99915e-01 
3158.000      4.74494e-06      9.99915e-01 
3161.000      4.73000e-06      9.99915e-01 
3164.000      4.71514e-06      9.99916e-01 
3167.000      4.70036e-06      9.99916e-01 
3170.000      4.68565e-06      9.99916e-01 
3173.000      4.67101e-06      9.99917e-01 
3176.000      4.65645e-06      9.99917e-01 
3179.000      4.64197e-06      9.99917e-01 
3182.000      4.62755e-06      9.99917e-01 
3185.000      4.61321e-06      9.99918e-01 
3188.000      4.59894e-06      9.99918e-01 
3191.000      4.58474e-06      9.99918e-01 
3194.000      4.57061e-06      9.99918e-01 
3197.000      4.55655e-06      9.99919e-01 
3200.000      4.54256e-06      9.99919e-01 
3203.000      4.52864e-06      9.99919e-01 
3206.000      4.51479e-06      9.99919e-01 
3209.000      4.50101e-06      9.99920e-01 
3212.000      4.48730e-06      9.99920e-01 
3215.000      4.47365e-06      9.99920e-01 
3218.000      4.46007e-06      9.99920e-01 
3221.000      4.44656e-06      9.99921e-01 
3224.000      4.43311e-06      9.99921e-01 
3227.000      4.41973e-06      9.99921e-01 
3230.000      4.40641e-06      9.99921e-01 
3233.000      4.39316e-06      9.99922e-01 
3236.000      4.37997e-06      9.99922e-01 
3239.000      4.36685e-06      9.99922e-01 
3242.000      4.35379e-06      9.99922e-01 
3245.000      4.34079e-06      9.99922e-01 
3248.000      4.32785e-06      9.99923e-01 
3251.000      4.31498e-06      9.99923e-01 
3254.000      4.30216e-06      9.99923e-01 
3257.000      4.28941e-06      9.99923e-01 
3260.000      4.27672e-06      9.99924e-01 
3263.000      4.26409e-06      9.99924e-01 
3266.000      4.25152e-06      9.99924e-01 
3269.000      4.23901e-06      9.99924e-01 
3272.000      4.22656e-06      9.99924e-01 
3275.000      4.21417e-06      9.99925e-01 
3278.000      4.20183e-06      9.99925e-01 
3281.000      4.18955e-06      9.99925e-01 
3284.000      4.17733e-06      9.99925e-01 
3287.000      4.16517e-06      9.99926e-01 
3290.000      4.15307e-06      9.99926e-01 
3293.000      4.14102e-06      9.99926e-01 
3296.000      4.12902e-06      9.99926e-01 
3299.000      4.11709e-06      9.99926e-01 
3302.000      4.10521e-06      9.99927e-01 
3305.000      4.09338e-06      9.99927e-01 
3308.000      4.08161e-06      9.99927e-01 
3311.000      4.06989e-06      9.99927e-01 
3314.000      4.05822e-06      9.99927e-01 
3317.000      4.04661e-06      9.99928e-01 
3320.000      4.03505e-06      9.99928e-01 
3323.000      4.02355e-06      9.99928e-01 
3326.000      4.01210e-06      9.99928e-01 
3329.000      4.00070e-06      9.99929e-01 
3332.000      3.98935e-06      9.99929e-01 
3335.000      3.97805e-06      9.99929e-01 
3338.000      3.96680e-06      9.99929e-01 
3341.000      3.95561e-06      9.99929e-01 
3344.000      3.94446e-06      9.99930e-01 
3347.000      3.93337e-06      9.99930e-01 
3350.000      3.92232e-06      9.99930e-01 
3353.000      3.91133e-06      9.99930e-01 
3356.000      3.90038e-06      9.99930e-01 
3359.000      3.88949e-06      9.99931e-01 
3362.000      3.87864e-06      9.99931e-01 
3365.000      3.86784e-06      9.99931e-01 
3368.000      3.85709e-06      9.99931e-01 
3371.000      3.84638e-06      9.99931e-01 
3374.000      3.83572e-06      9.99931e-01 
3377.000      3.82511e-06      9.99932e-01 
3380.000      3.81455e-06      9.99932e-01 
3383.000      3.80403e-06      9.99932e-01 
3386.000      3.79356e-06      9.99932e-01 
3389.000      3.78314e-06      9.99932e-01 
3392.000      3.77276e-06      9.99933e-01 
3395.000      3.76242e-06      9.99933e-01 
3398.000      3.75214e-06      9.99933e-01 
3401.000      3.74189e-06      9.99933e-01 
3404.000      3.73169e-06      9.99933e-01 
3407.000      3.72154e-06      9.99934e-01 
3410.000      3.71143e-06      9.99934e-01 
3413.000      3.70136e-06      9.99934e-01 
3416.000      3.69133e-06      9.99934e-01 
3419.000      3.68135e-06      9.99934e-01 
3422.000      3.67141e-06      9.99934e-01 
3425.000      3.66152e-06      9.99935e-01 
3428.000      3.65167e-06      9.99935e-01 
3431.000      3.64186e-06      9.99935e-01 
3434.000      3.63209e-06      9.99935e-01 
3437.000      3.62236e-06      9.99935e-01 
3440.000      3.61267e-06      9.99935e-01 
3443.000      3.60303e-06      9.99936e-01 
3446.000      3.59342e-06      9.99936e-01 
3449.000      3.58386e-06      9.99936e-01 
3452.000      3.57434e-06      9.99936e-01 
3455.000      3.56486e-06      9.99936e-01 
3458.000      3.55541e-06      9.99936e-01 
3461.000      3.54601e-06      9.99937e-01 
3464.000      3.53665e-06      9.99937e-01 
3467.000      3.52732e-06      9.99937e-01 
3470.000      3.51804e-06      9.99937e-01 
3473.000      3.50879e-06      9.99937e-01 
3476.000      3.49958e-06      9.99937e-01 
3479.000      3.49041e-06      9.99938e-01 
3482.000      3.48128e-06      9.99938e-01 
3485.000      3.47219e-06      9.99938e-01 
3488.000      3.46313e-06      9.99938e-01 
3491.000      3.45411e-06      9.99938e-01 
3494.000      3.44513e-06      9.99938e-01 
3497.000      3.43618e-06      9.99939e-01 
3500.000      3.42728e-06      9.99939e-01 
3503.000      3.41840e-06      9.99939e-01 
3506.000      3.40957e-06      9.99939e-01 
3509.000      3.40077e-06      9.99939e-01 
3512.000      3.39201e-06      9.99939e-01 
3515.000      3.38328e-06      9.99940e-01 
3518.000      3.37459e-06      9.99940e-01 
3521.000      3.36593e-06      9.99940e-01 
3524.000      3.35731e-06      9.99940e-01 
3527.000      3.34872e-06      9.99940e-01 
3530.000      3.34017e-06      9.99940e-01 
3533.000      3.33165e-06      9.99940e-01 
3536.000      3.32317e-06      9.99941e-01 
3539.000      3.31472e-06      9.99941e-01 
3542.000      3.30631e-06      9.99941e-01 
3545.000      3.29793e-06      9.99941e-01 
3548.000      3.28958e-06      9.99941e-01 
3551.000      3.28126e-06      9.99941e-01 
3554.000      3.27298e-06      9.99942e-01 
3557.000      3.26474e-06      9.99942e-01 
3560.000      3.25652e-06      9.99942e-01 
3563.000      3.24834e-06      9.99942e-01 
3566.000      3.24019e-06      9.99942e-01 
3569.000      3.23207e-06      9.99942e-01 
3572.000      3.22398e-06      9.99942e-01 
3575.000      3.21593e-06      9.99943e-01 
3578.000      3.20791e-06      9.99943e-01 
3581.000      3.19992e-06      9.99943e-01 
3584.000      3.19196e-06      9.99943e-01 
3587.000      3.18403e-06      9.99943e-01 
3590.000      3.17613e-06      9.99943e-01 
3593.000      3.16827e-06      9.99943e-01 
3596.000      3.16043e-06      9.99944e-01 
3599.000      3.15263e-06      9.99944e-01 
3602.000      3.14485e-06      9.99944e-01 
3605.000      3.13711e-06      9.99944e-01 
3608.000      3.12939e-06      9.99944e-01 
3611.000      3.12171e-06      9.99944e-01 
3614.000      3.11405e-06      9.99944e-01 
3617.000      3.10643e-06      9.99945e-01 
3620.000      3.09883e-06      9.99945e-01 
3623.000      3.09127e-06      9.99945e-01 
3626.000      3.08373e-06      9.99945e-01 
3629.000      3.07622e-06      9.99945e-01 
3632.000      3.06874e-06      9.99945e-01 
3635.000      3.06129e-06      9.99945e-01 
3638.000      3.05387e-06      9.99945e-01 
3641.000      3.04647e-06      9.99946e-01 
3644.000      3.03911e-06      9.99946e-01 
3647.000      3.03177e-06      9.99946e-01 
3650.000      3.02446e-06      9.99946e-01 
3653.000      3.01717e-06      9.99946e-01 
3656.000      3.00992e-06      9.99946e-01 
3659.000      3.00269e-06      9.99946e-01 
3662.000      2.99549e-06      9.99946e-01 
3665.000      2.98832e-06      9.99947e-01 
3668.000      2.98117e-06      9.99947e-01 
3671.000      2.97405e-06      9.99947e-01 
3674.000      2.96696e-06      9.99947e-01 
3677.000      2.95989e-06      9.99947e-01 
3680.000      2.95285e-06      9.99947e-01 
3683.000      2.94584e-06      9.99947e-01 
3686.000      2.93885e-06      9.99947e-01 
3689.000      2.93189e-06      9.99948e-01 
3692.000      2.92495e-06      9.99948e-01 
3695.000      2.91804e-06      9.99948e-01 
3698.000      2.91116e-06      9.99948e-01 
3701.000      2.90430e-06      9.99948e-01 
3704.000      2.89747e-06      9.99948e-01 
3707.000      2.89066e-06      9.99948e-01 
3710.000      2.88388e-06      9.99948e-01 
3713.000      2.87712e-06      9.99949e-01 
3716.000      2.87038e-06      9.99949e-01 
3719.000      2.86368e-06      9.99949e-01 
3722.000      2.85699e-06      9.99949e-01 
3725.000      2.85033e-06      9.99949e-01 
3728.000      2.84370e-06      9.99949e-01 
3731.000      2.83709e-06      9.99949e-01 
3734.000      2.83050e-06      9.99949e-01 
3737.000      2.82394e-06      9.99950e-01 
3740.000      2.81740e-06      9.99950e-01 
3743.000      2.81088e-06      9.99950e-01 
3746.000      2.80439e-06      9.99950e-01 
3749.000      2.79792e-06      9.99950e-01 
3752.000      2.79148e-06      9.99950e-01 
3755.000      2.78505e-06      9.99950e-01 
3758.000      2.77865e-06      9.99950e-01 
3761.000      2.77228e-06      9.99950e-01 
3764.000      2.76593e-06      9.99951e-01 
3767.000      2.75960e-06      9.99951e-01 
3770.000      2.75329e-06      9.99951e-01 
3773.000      2.74700e-06      9.99951e-01 
3776.000      2.74074e-06      9.99951e-01 
3779.000      2.73450e-06      9.99951e-01 
3782.000      2.72828e-06      9.99951e-01 
3785.000      2.72209e-06      9.99951e-01 
3788.000      2.71591e-06      9.99951e-01 
3791.000      2.70976e-06      9.99952e-01 
3794.000      2.70363e-06      9.99952e-01 
3797.000      2.69752e-06      9.99952e-01 
3800.000      2.69144e-06      9.99952e-01 
3803.000      2.68537e-06      9.99952e-01 
3806.000      2.67933e-06      9.99952e-01 
3809.000      2.67330e-06      9.99952e-01 
3812.000      2.66730e-06      9.99952e-01 
3815.000      2.66132e-06      9.99952e-01 
3818.000      2.65536e-06      9.99953e-01 
3821.000      2.64942e-06      9.99953e-01 
3824.000      2.64350e-06      9.99953e-01 
3827.000      2.63761e-06      9.99953e-01 
3830.000      2.63173e-06      9.99953e-01 
3833.000      2.62587e-06      9.99953e-01 
3836.000      2.62004e-06      9.99953e-01 
3839.000      2.61422e-06      9.99953e-01 
3842.000      2.60843e-06      9.99953e-01 
3845.000      2.60265e-06      9.99954e-01 
3848.000      2.59689e-06      9.99954e-01 
3851.000      2.59116e-06      9.99954e-01 
3854.000      2.58544e-06      9.99954e-01 
3857.000      2.57974e-06      9.99954e-01 
3860.000      2.57407e-06      9.99954e-01 
3863.000      2.56841e-06      9.99954e-01 
3866.000      2.56277e-06      9.99954e-01 
3869.000      2.55715e-06      9.99954e-01 
3872.000      2.55155e-06      9.99954e-01 
3875.000      2.54597e-06      9.99955e-01 
3878.000      2.54041e-06      9.99955e-01 
3881.000      2.53487e-06      9.99955e-01 
3884.000      2.52935e-06      9.99955e-01 
3887.000      2.52384e-06      9.99955e-01 
3890.000      2.51835e-06      9.99955e-01 
3893.000      2.51289e-06      9.99955e-01 
3896.000      2.50744e-06      9.99955e-01 
3899.000      2.50201e-06      9.99955e-01 
3902.000      2.49659e-06      9.99955e-01 
3905.000      2.49120e-06      9.99955e-01 
3908.000      2.48582e-06      9.99956e-01 
3911.000      2.48047e-06      9.99956e-01 
3914.000      2.47513e-06      9.99956e-01 
3917.000      2.46980e-06      9.99956e-01 
3920.000      2.46450e-06      9.99956e-01 
3923.000      2.45921e-06      9.99956e-01 
3926.000      2.45394e-06      9.99956e-01 
3929.000      2.44869e-06      9.99956e-01 
3932.000      2.44346e-06      9.99956e-01 
3935.000      2.43824e-06      9.99956e-01 
3938.000      2.43304e-06      9.99957e-01 
3941.000      2.42786e-06      9.99957e-01 
3944.000      2.42269e-06      9.99957e-01 
3947.000      2.41755e-06      9.99957e-01 
3950.000      2.41242e-06      9.99957e-01 
3953.000      2.40730e-06      9.99957e-01 
3956.000      2.40221e-06      9.99957e-01 
3959.000      2.39713e-06      9.99957e-01 
3962.000      2.39206e-06      9.99957e-01 
3965.000      2.38701e-06      9.99957e-01 
3968.000      2.38198e-06      9.99957e-01 
3971.000      2.37697e-06      9.99958e-01 
3974.000      2.37197e-06      9.99958e-01 
3977.000      2.36699e-06      9.99958e-01 
3980.000      2.36203e-06      9.99958e-01 
3983.000      2.35708e-06      9.99958e-01 
3986.000      2.35215e-06      9.99958e-01 
3989.000      2.34723e-06      9.99958e-01 
3992.000      2.34233e-06      9.99958e-01 
3995.000      2.33744e-06      9.99958e-01 
3998.000      2.33257e-06      9.99958e-01 
4001.000      2.32772e-06      9.99958e-01 
4004.000      2.32288e-06      9.99959e-01 
4007.000      2.31806e-06      9.99959e-01 
4010.000      2.31326e-06      9.99959e-01 
4013.000      2.30846e-06      9.99959e-01 
4016.000      2.30369e-06      9.99959e-01 
4019.000      2.29893e-06      9.99959e-01 
4022.000      2.29418e-06      9.99959e-01 
4025.000      2.28945e-06      9.99959e-01 
4028.000      2.28474e-06      9.99959e-01 
4031.000      2.28004e-06      9.99959e-01 
4034.000      2.27536e-06      9.99959e-01 
4037.000      2.27069e-06      9.99959e-01 
4040.000      2.26603e-06      9.99960e-01 
4043.000      2.26139e-06      9.99960e-01 
4046.000      2.25677e-06      9.99960e-01 
4049.000      2.25216e-06      9.99960e-01 
4052.000      2.24756e-06      9.99960e-01 
4055.000      2.24298e-06      9.99960e-01 
4058.000      2.23841e-06      9.99960e-01 
4061.000      2.23386e-06      9.99960e-01 
4064.000      2.22932e-06      9.99960e-01 
4067.000      2.22480e-06      9.99960e-01 
4070.000      2.22029e-06      9.99960e-01 
4073.000      2.21579e-06      9.99960e-01 
4076.000      2.21131e-06      9.99960e-01 
4079.000      2.20684e-06      9.99961e-01 
4082.000      2.20239e-06      9.99961e-01 
4085.000      2.19795e-06      9.99961e-01 
4088.000      2.19352e-06      9.99961e-01 
4091.000      2.18911e-06      9.99961e-01 
4094.000      2.18471e-06      9.99961e-01 
4097.000      2.18033e-06      9.99961e-01 
4100.000      2.17596e-06      9.99961e-01 
4103.000      2.17160e-06      9.99961e-01 
4106.000      2.16726e-06      9.99961e-01 
4109.000      2.16293e-06      9.99961e-01 
4112.000      2.15861e-06      9.99961e-01 
4115.000      2.15431e-06      9.99962e-01 
4118.000      2.15002e-06      9.99962e-01 
4121.000      2.14574e-06      9.99962e-01 
4124.000      2.14148e-06      9.99962e-01 
4127.000      2.13723e-06      9.99962e-01 
4130.000      2.13299e-06      9.99962e-01 
4133.000      2.12876e-06      9.99962e-01 
4136.000      2.12455e-06      9.99962e-01 
4139.000      2.12035e-06      9.99962e-01 
4142.000      2.11617e-06      9.99962e-01 
4145.000      2.11199e-06      9.99962e-01 
4148.000      2.10783e-06      9.99962e-01 
4151.000      2.10369e-06      9.99962e-01 
4154.000      2.09955e-06      9.99962e-01 
4157.000      2.09543e-06      9.99963e-01 
4160.000      2.09132e-06      9.99963e-01 
4163.000      2.08722e-06      9.99963e-01 
4166.000      2.08313e-06      9.99963e-01 
4169.000      2.07906e-06      9.99963e-01 
4172.000      2.07500e-06      9.99963e-01 
4175.000      2.07095e-06      9.99963e-01 
4178.000      2.06692e-06      9.99963e-01 
4181.000      2.06289e-06      9.99963e-01 
4184.000      2.05888e-06      9.99963e-01 
4187.000      2.05488e-06      9.99963e-01 
4190.000      2.05089e-06      9.99963e-01 
4193.000      2.04692e-06      9.99963e-01 
4196.000      2.04295e-06      9.99964e-01 
4199.000      2.03900e-06      9.99964e-01 
4202.000      2.03506e-06      9.99964e-01 
4205.000      2.03113e-06      9.99964e-01 
4208.000      2.02722e-06      9.99964e-01 
4211.000      2.02331e-06      9.99964e-01 
4214.000      2.01942e-06      9.99964e-01 
4217.000      2.01554e-06      9.99964e-01 
4220.000      2.01166e-06      9.99964e-01 
4223.000      2.00781e-06      9.99964e-01 
4226.000      2.00396e-06      9.99964e-01 
4229.000      2.00012e-06      9.99964e-01 
4232.000      1.99630e-06      9.99964e-01 
4235.000      1.99248e-06      9.99964e-01 
4238.000      1.98868e-06      9.99964e-01 
4241.000      1.98489e-06      9.99965e-01 
4244.000      1.98111e-06      9.99965e-01 
4247.000      1.97734e-06      9.99965e-01 
4250.000      1.97358e-06      9.99965e-01 
4253.000      1.96984e-06      9.99965e-01 
4256.000      1.96610e-06      9.99965e-01 
4259.000      1.96238e-06      9.99965e-01 
4262.000      1.95866e-06      9.99965e-01 
4265.000      1.95496e-06      9.99965e-01 
4268.000      1.95127e-06      9.99965e-01 
4271.000      1.94759e-06      9.99965e-01 
4274.000      1.94391e-06      9.99965e-01 
4277.000      1.94025e-06      9.99965e-01 
4280.000      1.93660e-06      9.99965e-01 
4283.000      1.93297e-06      9.99965e-01 
4286.000      1.92934e-06      9.99966e-01 
4289.000      1.92572e-06      9.99966e-01 
4292.000      1.92211e-06      9.99966e-01 
4295.000      1.91851e-06      9.99966e-01 
4298.000      1.91493e-06      9.99966e-01 
4301.000      1.91135e-06      9.99966e-01 
4304.000      1.90779e-06      9.99966e-01 
4307.000      1.90423e-06      9.99966e-01 
4310.000      1.90068e-06      9.99966e-01 
4313.000      1.89715e-06      9.99966e-01 
4316.000      1.89362e-06      9.99966e-01 
4319.000      1.89011e-06      9.99966e-01 
4322.000      1.88660e-06      9.99966e-01 
4325.000      1.88311e-06      9.99966e-01 
4328.000      1.87962e-06      9.99966e-01 
4331.000      1.87615e-06      9.99966e-01 
4334.000      1.87268e-06      9.99967e-01 
4337.000      1.86923e-06      9.99967e-01 
4340.000      1.86578e-06      9.99967e-01 
4343.000      1.86235e-06      9.99967e-01 
4346.000      1.85892e-06      9.99967e-01 
4349.000      1.85550e-06      9.99967e-01 
4352.000      1.85210e-06      9.99967e-01 
4355.000      1.84870e-06      9.99967e-01 
4358.000      1.84531e-06      9.99967e-01 
4361.000      1.84193e-06      9.99967e-01 
4364.000      1.83856e-06      9.99967e-01 
4367.000      1.83521e-06      9.99967e-01 
4370.000      1.83186e-06      9.99967e-01 
4373.000      1.82852e-06      9.99967e-01 
4376.000      1.82519e-06      9.99967e-01 
4379.000      1.82186e-06      9.99967e-01 
4382.000      1.81855e-06      9.99968e-01 
4385.000      1.81525e-06      9.99968e-01 
4388.000      1.81196e-06      9.99968e-01 
4391.000      1.80867e-06      9.99968e-01 
4394.000      1.80540e-06      9.99968e-01 
4397.000      1.80213e-06      9.99968e-01 
4400.000      1.79887e-06      9.99968e-01 
4403.000      1.79562e-06      9.99968e-01 
4406.000      1.79239e-06      9.99968e-01 
4409.000      1.78916e-06      9.99968e-01 
4412.000      1.78593e-06      9.99968e-01 
4415.000      1.78272e-06      9.99968e-01 
4418.000      1.77952e-06      9.99968e-01 
4421.000      1.77632e-06      9.99968e-01 
4424.000      1.77314e-06      9.99968e-01 
4427.000      1.76996e-06      9.99968e-01 
4430.000      1.76679e-06      9.99968e-01 
4433.000      1.76364e-06      9.99968e-01 
4436.000      1.76048e-06      9.99969e-01 
4439.000      1.75734e-06      9.99969e-01 
4442.000      1.75421e-06      9.99969e-01 
4445.000      1.75108e-06      9.99969e-01 
4448.000      1.74797e-06      9.99969e-01 
4451.000      1.74486e-06      9.99969e-01 
4454.000      1.74176e-06      9.99969e-01 
4457.000      1.73867e-06      9.99969e-01 
4460.000      1.73559e-06      9.99969e-01 
4463.000      1.73251e-06      9.99969e-01 
4466.000      1.72945e-06      9.99969e-01 
4469.000      1.72639e-06      9.99969e-01 
4472.000      1.72334e-06      9.99969e-01 
4475.000      1.72030e-06      9.99969e-01 
4478.000      1.71727e-06      9.99969e-01 
4481.000      1.71425e-06      9.99969e-01 
4484.000      1.71123e-06      9.99969e-01 
4487.000      1.70822e-06      9.99969e-01 
4490.000      1.70522e-06      9.99970e-01 
4493.000      1.70223e-06      9.99970e-01 
4496.000      1.69925e-06      9.99970e-01 
4499.000      1.69627e-06      9.99970e-01 
4502.000      1.69330e-06      9.99970e-01 
4505.000      1.69034e-06      9.99970e-01 
4508.000      1.68739e-06      9.99970e-01 
4511.000      1.68445e-06      9.99970e-01 
4514.000      1.68151e-06      9.99970e-01 
4517.000      1.67858e-06      9.99970e-01 
4520.000      1.67566e-06      9.99970e-01 
4523.000      1.67275e-06      9.99970e-01 
4526.000      1.66985e-06      9.99970e-01 
4529.000      1.66695e-06      9.99970e-01 
4532.000      1.66406e-06      9.99970e-01 
4535.000      1.66118e-06      9.99970e-01 
4538.000      1.65831e-06      9.99970e-01 
4541.000      1.65544e-06      9.99970e-01 
4544.000      1.65258e-06      9.99970e-01 
4547.000      1.64973e-06      9.99971e-01 
4550.000      1.64689e-06      9.99971e-01 
4553.000      1.64405e-06      9.99971e-01 
4556.000      1.64122e-06      9.99971e-01 
4559.000      1.63840e-06      9.99971e-01 
4562.000      1.63559e-06      9.99971e-01 
4565.000      1.63278e-06      9.99971e-01 
4568.000      1.62998e-06      9.99971e-01 
4571.000      1.62719e-06      9.99971e-01 
4574.000      1.62441e-06      9.99971e-01 
4577.000      1.62163e-06      9.99971e-01 
4580.000      1.61886e-06      9.99971e-01 
4583.000      1.61610e-06      9.99971e-01 
4586.000      1.61334e-06      9.99971e-01 
4589.000      1.61060e-06      9.99971e-01 
4592.000      1.60785e-06      9.99971e-01 
4595.000      1.60512e-06      9.99971e-01 
4598.000      1.60240e-06      9.99971e-01 
4601.000      1.59968e-06      9.99971e-01 
4604.000      1.59696e-06      9.99971e-01 
4607.000      1.59426e-06      9.99972e-01 
4610.000      1.59156e-06      9.99972e-01 
4613.000      1.58887e-06      9.99972e-01 
4616.000      1.58619e-06      9.99972e-01 
4619.000      1.58351e-06      9.99972e-01 
4622.000      1.58084e-06      9.99972e-01 
4625.000      1.57817e-06      9.99972e-01 
4628.000      1.57552e-06      9.99972e-01 
4631.000      1.57287e-06      9.99972e-01 
4634.000      1.57023e-06      9.99972e-01 
4637.000      1.56759e-06      9.99972e-01 
4640.000      1.56496e-06      9.99972e-01 
4643.000      1.56234e-06      9.99972e-01 
4646.000      1.55972e-06      9.99972e-01 
4649.000      1.55711e-06      9.99972e-01 
4652.000      1.55451e-06      9.99972e-01 
4655.000      1.55192e-06      9.99972e-01 
4658.000      1.54933e-06      9.99972e-01 
4661.000      1.54674e-06      9.99972e-01 
4664.000      1.54417e-06      9.99972e-01 
4667.000      1.54160e-06      9.99972e-01 
4670.000      1.53904e-06      9.99973e-01 
4673.000      1.53648e-06      9.99973e-01 
4676.000      1.53393e-06      9.99973e-01 
4679.000      1.53139e-06      9.99973e-01 
4682.000      1.52885e-06      9.99973e-01 
4685.000      1.52632e-06      9.99973e-01 
4688.000      1.52380e-06      9.99973e-01 
4691.000      1.52128e-06      9.99973e-01 
4694.000      1.51877e-06      9.99973e-01 
4697.000      1.51626e-06      9.99973e-01 
4700.000      1.51376e-06      9.99973e-01 
4703.000      1.51127e-06      9.99973e-01 
4706.000      1.50879e-06      9.99973e-01 
4709.000      1.50631e-06      9.99973e-01 
4712.000      1.50383e-06      9.99973e-01 
4715.000      1.50137e-06      9.99973e-01 
4718.000      1.49890e-06      9.99973e-01 
4721.000      1.49645e-06      9.99973e-01 
4724.000      1.49400e-06      9.99973e-01 
4727.000      1.49156e-06      9.99973e-01 
4730.000      1.48912e-06      9.99973e-01 
4733.000      1.48669e-06      9.99973e-01 
4736.000      1.48427e-06      9.99973e-01 
4739.000      1.48185e-06      9.99974e-01 
4742.000      1.47944e-06      9.99974e-01 
4745.000      1.47703e-06      9.99974e-01 
4748.000      1.47463e-06      9.99974e-01 
4751.000      1.47224e-06      9.99974e-01 
4754.000      1.46985e-06      9.99974e-01 
4757.000      1.46747e-06      9.99974e-01 
4760.000      1.46509e-06      9.99974e-01 
4763.000      1.46272e-06      9.99974e-01 
4766.000      1.46035e-06      9.99974e-01 
4769.000      1.45800e-06      9.99974e-01 
4772.000      1.45564e-06      9.99974e-01 
4775.000      1.45330e-06      9.99974e-01 
4778.000      1.45095e-06      9.99974e-01 
4781.000      1.44862e-06      9.99974e-01 
4784.000      1.44629e-06      9.99974e-01 
4787.000      1.44396e-06      9.99974e-01 
4790.000      1.44165e-06      9.99974e-01 
4793.000      1.43933e-06      9.99974e-01 
4796.000      1.43703e-06      9.99974e-01 
4799.000      1.43472e-06      9.99974e-01 
4802.000      1.43243e-06      9.99974e-01 
4805.000      1.43014e-06      9.99974e-01 
4808.000      1.42785e-06      9.99974e-01 
4811.000      1.42557e-06      9.99975e-01 
4814.000      1.42330e-06      9.99975e-01 
4817.000      1.42103e-06      9.99975e-01 
4820.000      1.41877e-06      9.99975e-01 
4823.000      1.41651e-06      9.99975e-01 
4826.000      1.41426e-06      9.99975e-01 
4829.000      1.41202e-06      9.99975e-01 
4832.000      1.40978e-06      9.99975e-01 
4835.000      1.40754e-06      9.99975e-01 
4838.000      1.40531e-06      9.99975e-01 
4841.000      1.40309e-06      9.99975e-01 
4844.000      1.40087e-06      9.99975e-01 
4847.000      1.39866e-06      9.99975e-01 
4850.000      1.39645e-06      9.99975e-01 
4853.000      1.39424e-06      9.99975e-01 
4856.000      1.39205e-06      9.99975e-01 
4859.000      1.38985e-06      9.99975e-01 
4862.000      1.38767e-06      9.99975e-01 
4865.000      1.38549e-06      9.99975e-01 
4868.000      1.38331e-06      9.99975e-01 
4871.000      1.38114e-06      9.99975e-01 
4874.000      1.37897e-06      9.99975e-01 
4877.000      1.37681e-06      9.99975e-01 
4880.000      1.37466e-06      9.99975e-01 
4883.000      1.37251e-06      9.99975e-01 
4886.000      1.37036e-06      9.99976e-01 
4889.000      1.36822e-06      9.99976e-01 
4892.000      1.36608e-06      9.99976e-01 
4895.000      1.36395e-06      9.99976e-01 
4898.000      1.36183e-06      9.99976e-01 
4901.000      1.35971e-06      9.99976e-01 
4904.000      1.35759e-06      9.99976e-01 
4907.000      1.35549e-06      9.99976e-01 
4910.000      1.35338e-06      9.99976e-01 
4913.000      1.35128e-06      9.99976e-01 
4916.000      1.34919e-06      9.99976e-01 
4919.000      1.34710e-06      9.99976e-01 
4922.000      1.34501e-06      9.99976e-01 
4925.000      1.34293e-06      9.99976e-01 
4928.000      1.34086e-06      9.99976e-01 
4931.000      1.33879e-06      9.99976e-01 
4934.000      1.33672e-06      9.99976e-01 
4937.000      1.33466e-06      9.99976e-01 
4940.000      1.33260e-06      9.99976e-01 
4943.000      1.33055e-06      9.99976e-01 
4946.000      1.32851e-06      9.99976e-01 
4949.000      1.32647e-06      9.99976e-01 
4952.000      1.32443e-06      9.99976e-01 
4955.000      1.32240e-06      9.99976e-01 
4958.000      1.32037e-06      9.99976e-01 
4961.000      1.31835e-06      9.99976e-01 
4964.000      1.31633e-06      9.99976e-01 
4967.000      1.31432e-06      9.99977e-01 
4970.000      1.31231e-06      9.99977e-01 
4973.000      1.31031e-06      9.99977e-01 
4976.000      1.30831e-06      9.99977e-01 
4979.000      1.30631e-06      9.99977e-01 
4982.000      1.30432e-06      9.99977e-01 
4985.000      1.30234e-06      9.99977e-01 
4988.000      1.30036e-06      9.99977e-01 
4991.000      1.29838e-06      9.99977e-01 
4994.000      1.29641e-06      9.99977e-01 
4997.000      1.29445e-06      9.99977e-01 
5000.000      1.29249e-06      9.99977e-01 
